   5.91368389       5.78227174E-03
   3.66783929      0.101413697    
  0.433423728      0.108528279    
   2.31514382       7.72217140E-02
   5.83408928       8.56182799E-02
   2.55217099       6.26075119E-02
   2.22706223      0.123483166    
   5.90286779       6.67757774E-03
   1.59538198      0.115836665    
   4.22791767       2.08056215E-02
   2.00528359      0.122398615    
   2.01365614       6.78324699E-02
   2.35982394       2.03550439E-02
   6.13152122      0.138361037    
   4.91650486       9.86339226E-02
   4.67241716       4.47470397E-02
   1.55707705       6.75458536E-02
   4.55131245       4.89502959E-02
  0.374347508      0.119962916    
   4.64912987       1.68136116E-02
  0.570499659      0.181871384    
   3.91869855       8.82120878E-02
  0.800355971      0.171353832    
   1.25448132       6.48627505E-02
   5.12971115      0.113418519    
  0.230382130       9.33513790E-02
   6.20340872       2.18927450E-02
  0.567863882      0.189137995    
   1.89002585      0.102544241    
   1.76431012       8.50181282E-02
   1.11476624       5.68184517E-02
   4.80839396      0.104342230    
   3.99920487       4.92532924E-02
   1.97143984       2.75025107E-02
   4.21138382       2.76014041E-02
   2.86582899       9.68458802E-02
   4.65687323       9.67788249E-02
   1.33246982       9.78481546E-02
   5.35350275       9.35742110E-02
  0.606830239      0.113146655    
   4.42697287       5.15321689E-03
   3.17993784       4.59380858E-02
   1.80697131      0.104153335    
  0.716267943      0.106895894    
  0.101349093       7.62673095E-02
   1.51278377       1.42124249E-02
   4.13482003E-02   8.44702944E-02
   4.28011370       8.88630301E-02
   6.02507973      0.109868079    
  0.603914320      0.139681771    
   3.43152118      0.106364682    
   4.58821583       1.46689732E-02
   5.71875000       2.94151879E-03
   2.93716431       1.98148172E-02
   2.42358327       5.48421107E-02
   5.02068615      0.164923891    
   5.77462006       4.91469093E-02
   1.06907153       5.83716063E-03
   1.01020014       7.86178038E-02
   6.26355886       2.22731046E-02
   1.19356108       6.63489550E-02
   3.03487325       6.90876544E-02
  0.911639988      0.111049414    
   1.52102923      0.152020842    
  0.297859311       3.45634902E-03
   5.54505396      0.175974071    
   3.60607290      0.101803422    
   2.82107282       3.81129980E-02
   3.44116139       8.35197493E-02
  0.160192013       7.51400366E-02
   1.94184899       5.42582311E-02
  0.980558693       1.01656429E-02
   2.40231204       9.90278553E-03
   4.18280220      0.125122339    
  0.684531093      0.147936478    
   5.95041800      0.129716605    
  0.378009796       5.24089821E-02
   1.53289926      0.158613220    
   1.63638449      0.137020782    
   4.53966185E-02  0.112803042    
  0.313529432      0.194499061    
   1.56873655       5.54674193E-02
  0.727091551      0.157204837    
   1.17482185       7.94284940E-02
   2.57011175       2.95797363E-02
   5.30157661      0.139342129    
   3.37386727       7.50842169E-02
   4.63373899       9.91363451E-02
  0.167878777       4.86250594E-03
   4.41618681      0.126879364    
   2.86430144       1.98422018E-02
   5.85183668      0.166722223    
   5.24840403       2.58100890E-02
   3.83909178       3.24169770E-02
   1.49697387       8.43767896E-02
   2.13627696       6.46206066E-02
  0.370350391       3.36168073E-02
   4.18606091       3.63402925E-02
   3.69781160      0.122939080    
   2.24345326       8.11409280E-02
   2.93000555       2.37893895E-03
   6.17243385       1.59117505E-02
   4.35600996       9.43105891E-02
   6.22418499      0.194804281    
   2.08033299      0.112731300    
   3.87670541       3.28230858E-02
   5.89280176       3.10753081E-02
  0.695811629       1.18365288E-02
   4.05052376      0.100165889    
   6.10496950      0.181500971    
   1.69292879       1.54343713E-03
  0.184979886      0.139334172    
   1.43267858       6.44822717E-02
   5.31587362       2.65318342E-02
   4.76763296       6.56641945E-02
  0.766526401       5.99453524E-02
   1.62709153       1.03366282E-02
   1.18039489       4.66296375E-02
   2.27454257       8.88939276E-02
   3.36675000       6.16999194E-02
   2.55653453       3.49301547E-02
  0.172442511      0.157480910    
   1.89045048      0.108708508    
   2.34958148       6.80148080E-02
   3.09832263       6.91960305E-02
   5.91501379       6.35718703E-02
   4.61950445       9.75151956E-02
  0.267213404       3.17562073E-02
   5.01873970       9.15965810E-02
   6.07351637       2.12325603E-02
   4.75546980       6.27443269E-02
   4.19425249      0.112731181    
   5.25422134E-02   8.21485892E-02
   1.46656764       3.48673090E-02
  0.566141188       9.81154591E-02
  0.672807515      0.108805649    
   5.45068932       5.89930527E-02
   1.49878991      0.148156151    
   1.63177657      0.129328161    
   5.20652246       6.63933083E-02
   1.41343153      0.136964127    
   1.83560801       6.15343153E-02
  0.242831856       1.07112527E-02
   3.69962502       2.76844967E-02
   1.37413371      0.134850860    
   1.02415466      0.121627368    
   5.83401394      0.190527648    
   2.43821907       4.00703810E-02
   3.08253932       3.18412902E-03
   1.61960995       9.00422633E-02
   6.00157356      0.143342927    
   4.84251547      0.106820293    
   5.70744228      0.171541199    
   3.93193698       5.42365797E-02
   1.48128617       1.30764982E-02
   3.82021976      0.122570775    
  0.263653696      0.179705918    
   5.42828941       4.65048812E-02
   2.14867640      0.104964614    
   1.79593205      0.104904570    
   4.75296450       9.62899774E-02
   1.50941730      0.107943699    
  0.974472582      0.172027007    
   5.15955782       6.40886882E-03
   4.85988045       2.43962072E-02
   6.25289249      0.157610580    
  0.769498110       4.21895050E-02
   2.51479316       6.78774118E-02
  0.230807185      0.127204359    
   3.05568075       8.34095031E-02
   1.96511745       6.82819961E-03
   2.33687043       5.30895330E-02
   4.68143415       6.75552199E-03
   4.01933861       7.41319135E-02
   3.95731997      0.117819801    
