   6.99999630E-02  -5.09996414E-02   65.8149872    
   7.09999651E-02  -5.09996414E-02   65.7917786    
   7.19999671E-02  -5.09996414E-02   65.7688141    
   7.29999691E-02  -5.09996414E-02   65.7461395    
   7.39999712E-02  -5.19996397E-02   65.7972717    
   7.39999712E-02  -5.09996414E-02   65.7237244    
   7.49999732E-02  -5.19996397E-02   65.7751541    
   7.49999732E-02  -5.09996414E-02   65.7016068    
   7.59999752E-02  -5.19996397E-02   65.7533188    
   7.59999752E-02  -5.09996414E-02   65.6797409    
   7.69999772E-02  -5.29996380E-02   65.8055344    
   7.69999772E-02  -5.19996397E-02   65.7317276    
   7.69999772E-02  -5.09996414E-02   65.6581497    
   7.79999793E-02  -5.29996380E-02   65.7842484    
   7.79999793E-02  -5.19996397E-02   65.7104340    
   7.79999793E-02  -5.09996414E-02   65.6368332    
   7.89999813E-02  -5.29996380E-02   65.7632370    
   7.89999813E-02  -5.19996397E-02   65.6894150    
   7.89999813E-02  -5.09996414E-02   65.6157913    
   7.99999833E-02  -5.39996363E-02   65.8165359    
   7.99999833E-02  -5.29996380E-02   65.7425003    
   7.99999833E-02  -5.19996397E-02   65.6686554    
   7.99999833E-02  -5.09996414E-02   65.5950394    
   8.09999853E-02  -5.39996363E-02   65.7960968    
   8.09999853E-02  -5.29996380E-02   65.7220383    
   8.09999853E-02  -5.19996397E-02   65.6481705    
   8.09999853E-02  -5.09996414E-02   65.5745392    
   8.19999874E-02  -5.39996363E-02   65.7759094    
   8.19999874E-02  -5.29996380E-02   65.7018356    
   8.19999874E-02  -5.19996397E-02   65.6279755    
   8.19999874E-02  -5.09996414E-02   65.5543137    
   8.29999894E-02  -5.39996363E-02   65.7560120    
   8.29999894E-02  -5.29996380E-02   65.6819305    
   8.29999894E-02  -5.19996397E-02   65.6080399    
   8.29999894E-02  -5.09996414E-02   65.5343628    
   8.39999914E-02  -5.49996346E-02   65.8106842    
   8.39999914E-02  -5.39996363E-02   65.7363892    
   8.39999914E-02  -5.29996380E-02   65.6622925    
   8.39999914E-02  -5.19996397E-02   65.5883865    
   8.39999914E-02  -5.09996414E-02   65.5147018    
   8.49999934E-02  -5.49996346E-02   65.7913589    
   8.49999934E-02  -5.39996363E-02   65.7170334    
   8.49999934E-02  -5.29996380E-02   65.6429214    
   8.49999934E-02  -5.19996397E-02   65.5690155    
   8.49999934E-02  -5.09996414E-02   65.4953079    
   8.59999955E-02  -5.49996346E-02   65.7722855    
   8.59999955E-02  -5.39996363E-02   65.6979599    
   8.59999955E-02  -5.29996380E-02   65.6238251    
   8.59999955E-02  -5.19996397E-02   65.5499039    
   8.59999955E-02  -5.09996414E-02   65.4761963    
   8.69999975E-02  -5.49996346E-02   65.7535019    
   8.69999975E-02  -5.39996363E-02   65.6791534    
   8.69999975E-02  -5.29996380E-02   65.6050034    
   8.69999975E-02  -5.19996397E-02   65.5310669    
   8.69999975E-02  -5.09996414E-02   65.4573288    
   8.79999995E-02  -5.59996329E-02   65.8095398    
   8.79999995E-02  -5.49996346E-02   65.7349854    
   8.79999995E-02  -5.39996363E-02   65.6606140    
   8.79999995E-02  -5.29996380E-02   65.5864639    
   8.79999995E-02  -5.19996397E-02   65.5125122    
   8.79999995E-02  -5.09996414E-02   65.4387589    
   8.90000015E-02  -5.59996329E-02   65.7913132    
   8.90000015E-02  -5.49996346E-02   65.7167282    
   8.90000015E-02  -5.39996363E-02   65.6423645    
   8.90000015E-02  -5.29996380E-02   65.5682068    
   8.90000015E-02  -5.19996397E-02   65.4942245    
   8.90000015E-02  -5.09996414E-02   65.4204636    
   9.00000036E-02  -5.59996329E-02   65.7733688    
   9.00000036E-02  -5.49996346E-02   65.6987762    
   9.00000036E-02  -5.39996363E-02   65.6243820    
   9.00000036E-02  -5.29996380E-02   65.5501938    
   9.00000036E-02  -5.19996397E-02   65.4762115    
   9.00000036E-02  -5.09996414E-02   65.4024277    
   9.10000056E-02  -5.59996329E-02   65.7556915    
   9.10000056E-02  -5.49996346E-02   65.6810760    
   9.10000056E-02  -5.39996363E-02   65.6066742    
   9.10000056E-02  -5.29996380E-02   65.5324631    
   9.10000056E-02  -5.19996397E-02   65.4584732    
   9.10000056E-02  -5.09996414E-02   65.3846741    
   9.20000076E-02  -5.69996312E-02   65.8131104    
   9.20000076E-02  -5.59996329E-02   65.7382812    
   9.20000076E-02  -5.49996346E-02   65.6636581    
   9.20000076E-02  -5.39996363E-02   65.5892410    
   9.20000076E-02  -5.29996380E-02   65.5150223    
   9.20000076E-02  -5.19996397E-02   65.4410019    
   9.20000076E-02  -5.09996414E-02   65.3672104    
   9.30000097E-02  -5.69996312E-02   65.7959824    
   9.30000097E-02  -5.59996329E-02   65.7211456    
   9.30000097E-02  -5.49996346E-02   65.6465073    
   9.30000097E-02  -5.39996363E-02   65.5720673    
   9.30000097E-02  -5.29996380E-02   65.4978409    
   9.30000097E-02  -5.19996397E-02   65.4238052    
   9.30000097E-02  -5.09996414E-02   65.3499832    
   9.40000117E-02  -5.69996312E-02   65.7791443    
   9.40000117E-02  -5.59996329E-02   65.7042770    
   9.40000117E-02  -5.49996346E-02   65.6296234    
   9.40000117E-02  -5.39996363E-02   65.5551834    
   9.40000117E-02  -5.29996380E-02   65.4809265    
   9.40000117E-02  -5.19996397E-02   65.4068832    
   9.40000117E-02  -5.09996414E-02   65.3330460    
   9.50000137E-02  -5.69996312E-02   65.7625732    
   9.50000137E-02  -5.59996329E-02   65.6876907    
   9.50000137E-02  -5.49996346E-02   65.6130219    
   9.50000137E-02  -5.39996363E-02   65.5385666    
   9.50000137E-02  -5.29996380E-02   65.4643097    
   9.50000137E-02  -5.19996397E-02   65.3902512    
   9.50000137E-02  -5.09996414E-02   65.3163910    
   9.60000157E-02  -5.69996312E-02   65.7462692    
   9.60000157E-02  -5.59996329E-02   65.6713791    
   9.60000157E-02  -5.49996346E-02   65.5967026    
   9.60000157E-02  -5.39996363E-02   65.5222244    
   9.60000157E-02  -5.29996380E-02   65.4479370    
   9.60000157E-02  -5.19996397E-02   65.3738785    
   9.60000157E-02  -5.09996414E-02   65.2999954    
   9.70000178E-02  -5.79996295E-02   65.8053665    
   9.70000178E-02  -5.69996312E-02   65.7302399    
   9.70000178E-02  -5.59996329E-02   65.6553421    
   9.70000178E-02  -5.49996346E-02   65.5806351    
   9.70000178E-02  -5.39996363E-02   65.5061569    
   9.70000178E-02  -5.29996380E-02   65.4318542    
   9.70000178E-02  -5.19996397E-02   65.3577728    
   9.70000178E-02  -5.09996414E-02   65.2838898    
   9.80000198E-02  -5.79996295E-02   65.7896194    
   9.80000198E-02  -5.69996312E-02   65.7145081    
   9.80000198E-02  -5.59996329E-02   65.6395798    
   9.80000198E-02  -5.49996346E-02   65.5648727    
   9.80000198E-02  -5.39996363E-02   65.4903641    
   9.80000198E-02  -5.29996380E-02   65.4160538    
   9.80000198E-02  -5.19996397E-02   65.3419418    
   9.80000198E-02  -5.09996414E-02   65.2680511    
   9.90000218E-02  -5.79996295E-02   65.7741547    
   9.90000218E-02  -5.69996312E-02   65.6990051    
   9.90000218E-02  -5.59996329E-02   65.6240845    
   9.90000218E-02  -5.49996346E-02   65.5493622    
   9.90000218E-02  -5.39996363E-02   65.4748459    
   9.90000218E-02  -5.29996380E-02   65.4005127    
   9.90000218E-02  -5.19996397E-02   65.3264008    
   9.90000218E-02  -5.09996414E-02   65.2524872    
  0.100000024      -5.79996295E-02   65.7589722    
  0.100000024      -5.69996312E-02   65.6838150    
  0.100000024      -5.59996329E-02   65.6088715    
  0.100000024      -5.49996346E-02   65.5341263    
  0.100000024      -5.39996363E-02   65.4595871    
  0.100000024      -5.29996380E-02   65.3852539    
  0.100000024      -5.19996397E-02   65.3111191    
  0.100000024      -5.09996414E-02   65.2371826    
  0.101000026      -5.79996295E-02   65.7440567    
  0.101000026      -5.69996312E-02   65.6688919    
  0.101000026      -5.59996329E-02   65.5939255    
  0.101000026      -5.49996346E-02   65.5191727    
  0.101000026      -5.39996363E-02   65.4446106    
  0.101000026      -5.29996380E-02   65.3702621    
  0.101000026      -5.19996397E-02   65.2961197    
  0.101000026      -5.09996414E-02   65.2221756    
  0.102000028      -5.89996278E-02   65.8048096    
  0.102000028      -5.79996295E-02   65.7294159    
  0.102000028      -5.69996312E-02   65.6542358    
  0.102000028      -5.59996329E-02   65.5792694    
  0.102000028      -5.49996346E-02   65.5044937    
  0.102000028      -5.39996363E-02   65.4299240    
  0.102000028      -5.29996380E-02   65.3555527    
  0.102000028      -5.19996397E-02   65.2814026    
  0.102000028      -5.09996414E-02   65.2074432    
  0.103000030      -5.89996278E-02   65.7904510    
  0.103000030      -5.79996295E-02   65.7150574    
  0.103000030      -5.69996312E-02   65.6398544    
  0.103000030      -5.59996329E-02   65.5648575    
  0.103000030      -5.49996346E-02   65.4900742    
  0.103000030      -5.39996363E-02   65.4154892    
  0.103000030      -5.29996380E-02   65.3411102    
  0.103000030      -5.19996397E-02   65.2669373    
  0.103000030      -5.09996414E-02   65.1929703    
  0.104000032      -5.89996278E-02   65.7763672    
  0.104000032      -5.79996295E-02   65.7009506    
  0.104000032      -5.69996312E-02   65.6257477    
  0.104000032      -5.59996329E-02   65.5507355    
  0.104000032      -5.49996346E-02   65.4759369    
  0.104000032      -5.39996363E-02   65.4013367    
  0.104000032      -5.29996380E-02   65.3269501    
  0.104000032      -5.19996397E-02   65.2527466    
  0.104000032      -5.09996414E-02   65.1787643    
  0.105000034      -5.89996278E-02   65.7625656    
  0.105000034      -5.79996295E-02   65.6871338    
  0.105000034      -5.69996312E-02   65.6119156    
  0.105000034      -5.59996329E-02   65.5368958    
  0.105000034      -5.49996346E-02   65.4620667    
  0.105000034      -5.39996363E-02   65.3874588    
  0.105000034      -5.29996380E-02   65.3130646    
  0.105000034      -5.19996397E-02   65.2388535    
  0.105000034      -5.09996414E-02   65.1648560    
  0.106000036      -5.89996278E-02   65.7490387    
  0.106000036      -5.79996295E-02   65.6735840    
  0.106000036      -5.69996312E-02   65.5983582    
  0.106000036      -5.59996329E-02   65.5233154    
  0.106000036      -5.49996346E-02   65.4484940    
  0.106000036      -5.39996363E-02   65.3738556    
  0.106000036      -5.29996380E-02   65.2994385    
  0.106000036      -5.19996397E-02   65.2252197    
  0.106000036      -5.09996414E-02   65.1511917    
  0.107000038      -5.99996261E-02   65.8114319    
  0.107000038      -5.89996278E-02   65.7357788    
  0.107000038      -5.79996295E-02   65.6603165    
  0.107000038      -5.69996312E-02   65.5850601    
  0.107000038      -5.59996329E-02   65.5100174    
  0.107000038      -5.49996346E-02   65.4351654    
  0.107000038      -5.39996363E-02   65.3605423    
  0.107000038      -5.29996380E-02   65.2860947    
  0.107000038      -5.19996397E-02   65.2118530    
  0.107000038      -5.09996414E-02   65.1378250    
  0.108000040      -5.99996261E-02   65.7984695    
  0.108000040      -5.89996278E-02   65.7227936    
  0.108000040      -5.79996295E-02   65.6473160    
  0.108000040      -5.69996312E-02   65.5720444    
  0.108000040      -5.59996329E-02   65.4969864    
  0.108000040      -5.49996346E-02   65.4221115    
  0.108000040      -5.39996363E-02   65.3474655    
  0.108000040      -5.29996380E-02   65.2730103    
  0.108000040      -5.19996397E-02   65.1987686    
  0.108000040      -5.09996414E-02   65.1247253    
  0.109000042      -5.99996261E-02   65.7857742    
  0.109000042      -5.89996278E-02   65.7100830    
  0.109000042      -5.79996295E-02   65.6345901    
  0.109000042      -5.69996312E-02   65.5593033    
  0.109000042      -5.59996329E-02   65.4842300    
  0.109000042      -5.49996346E-02   65.4093475    
  0.109000042      -5.39996363E-02   65.3346786    
  0.109000042      -5.29996380E-02   65.2602081    
  0.109000042      -5.19996397E-02   65.1859512    
  0.109000042      -5.09996414E-02   65.1118927    
  0.110000044      -5.99996261E-02   65.7733612    
  0.110000044      -5.89996278E-02   65.6976471    
  0.110000044      -5.79996295E-02   65.6221466    
  0.110000044      -5.69996312E-02   65.5468597    
  0.110000044      -5.59996329E-02   65.4717484    
  0.110000044      -5.49996346E-02   65.3968582    
  0.110000044      -5.39996363E-02   65.3221817    
  0.110000044      -5.29996380E-02   65.2476883    
  0.110000044      -5.19996397E-02   65.1734238    
  0.110000044      -5.09996414E-02   65.0993423    
  0.111000046      -5.99996261E-02   65.7612076    
  0.111000046      -5.89996278E-02   65.6854858    
  0.111000046      -5.79996295E-02   65.6099701    
  0.111000046      -5.69996312E-02   65.5346527    
  0.111000046      -5.59996329E-02   65.4595490    
  0.111000046      -5.49996346E-02   65.3846283    
  0.111000046      -5.39996363E-02   65.3099442    
  0.111000046      -5.29996380E-02   65.2354431    
  0.111000046      -5.19996397E-02   65.1611557    
  0.111000046      -5.09996414E-02   65.0870590    
  0.112000048      -5.99996261E-02   65.7493362    
  0.112000048      -5.89996278E-02   65.6735916    
  0.112000048      -5.79996295E-02   65.5980606    
  0.112000048      -5.69996312E-02   65.5227280    
  0.112000048      -5.59996329E-02   65.4476089    
  0.112000048      -5.49996346E-02   65.3726883    
  0.112000048      -5.39996363E-02   65.2979813    
  0.112000048      -5.29996380E-02   65.2234650    
  0.112000048      -5.19996397E-02   65.1491623    
  0.112000048      -5.09996414E-02   65.0750580    
  0.113000050      -6.09996244E-02   65.8136902    
  0.113000050      -5.99996261E-02   65.7377319    
  0.113000050      -5.89996278E-02   65.6619873    
  0.113000050      -5.79996295E-02   65.5864258    
  0.113000050      -5.69996312E-02   65.5110855    
  0.113000050      -5.59996329E-02   65.4359589    
  0.113000050      -5.49996346E-02   65.3610229    
  0.113000050      -5.39996363E-02   65.2862930    
  0.113000050      -5.29996380E-02   65.2117615    
  0.113000050      -5.19996397E-02   65.1374359    
  0.113000050      -5.09996414E-02   65.0633087    
  0.114000052      -6.09996244E-02   65.8023758    
  0.114000052      -5.99996261E-02   65.7264023    
  0.114000052      -5.89996278E-02   65.6506424    
  0.114000052      -5.79996295E-02   65.5750809    
  0.114000052      -5.69996312E-02   65.4997253    
  0.114000052      -5.59996329E-02   65.4245758    
  0.114000052      -5.49996346E-02   65.3496170    
  0.114000052      -5.39996363E-02   65.2748795    
  0.114000052      -5.29996380E-02   65.2003403    
  0.114000052      -5.19996397E-02   65.1259995    
  0.114000052      -5.09996414E-02   65.0518570    
  0.115000054      -6.09996244E-02   65.7913361    
  0.115000054      -5.99996261E-02   65.7153549    
  0.115000054      -5.89996278E-02   65.6395645    
  0.115000054      -5.79996295E-02   65.5639954    
  0.115000054      -5.69996312E-02   65.4886169    
  0.115000054      -5.59996329E-02   65.4134521    
  0.115000054      -5.49996346E-02   65.3384857    
  0.115000054      -5.39996363E-02   65.2637329    
  0.115000054      -5.29996380E-02   65.1891708    
  0.115000054      -5.19996397E-02   65.1148300    
  0.115000054      -5.09996414E-02   65.0406799    
  0.116000056      -6.09996244E-02   65.7805634    
  0.116000056      -5.99996261E-02   65.7045746    
  0.116000056      -5.89996278E-02   65.6287842    
  0.116000056      -5.79996295E-02   65.5531921    
  0.116000056      -5.69996312E-02   65.4778061    
  0.116000056      -5.59996329E-02   65.4026184    
  0.116000056      -5.49996346E-02   65.3276367    
  0.116000056      -5.39996363E-02   65.2528534    
  0.116000056      -5.29996380E-02   65.1782837    
  0.116000056      -5.19996397E-02   65.1039200    
  0.116000056      -5.09996414E-02   65.0297623    
  0.117000058      -6.09996244E-02   65.7700958    
  0.117000058      -5.99996261E-02   65.6940689    
  0.117000058      -5.89996278E-02   65.6182556    
  0.117000058      -5.79996295E-02   65.5426636    
  0.117000058      -5.69996312E-02   65.4672470    
  0.117000058      -5.59996329E-02   65.3920593    
  0.117000058      -5.49996346E-02   65.3170547    
  0.117000058      -5.39996363E-02   65.2422791    
  0.117000058      -5.29996380E-02   65.1676865    
  0.117000058      -5.19996397E-02   65.0933075    
  0.117000058      -5.09996414E-02   65.0191269    
  0.118000060      -6.09996244E-02   65.7598648    
  0.118000060      -5.99996261E-02   65.6838303    
  0.118000060      -5.89996278E-02   65.6080017    
  0.118000060      -5.79996295E-02   65.5323944    
  0.118000060      -5.69996312E-02   65.4569855    
  0.118000060      -5.59996329E-02   65.3817673    
  0.118000060      -5.49996346E-02   65.3067551    
  0.118000060      -5.39996363E-02   65.2319565    
  0.118000060      -5.29996380E-02   65.1573563    
  0.118000060      -5.19996397E-02   65.0829620    
  0.118000060      -5.09996414E-02   65.0087509    
  0.119000062      -6.09996244E-02   65.7499237    
  0.119000062      -5.99996261E-02   65.6738815    
  0.119000062      -5.89996278E-02   65.5980377    
  0.119000062      -5.79996295E-02   65.5223846    
  0.119000062      -5.69996312E-02   65.4469681    
  0.119000062      -5.59996329E-02   65.3717346    
  0.119000062      -5.49996346E-02   65.2967148    
  0.119000062      -5.39996363E-02   65.2219009    
  0.119000062      -5.29996380E-02   65.1472931    
  0.119000062      -5.19996397E-02   65.0728760    
  0.119000062      -5.09996414E-02   64.9986725    
  0.120000064      -6.19996227E-02   65.8165359    
  0.120000064      -6.09996244E-02   65.7402573    
  0.120000064      -5.99996261E-02   65.6641998    
  0.120000064      -5.89996278E-02   65.5883484    
  0.120000064      -5.79996295E-02   65.5127029    
  0.120000064      -5.69996312E-02   65.4372482    
  0.120000064      -5.59996329E-02   65.3620148    
  0.120000064      -5.49996346E-02   65.2869644    
  0.120000064      -5.39996363E-02   65.2121277    
  0.120000064      -5.29996380E-02   65.1375046    
  0.120000064      -5.19996397E-02   65.0630798    
  0.120000064      -5.09996414E-02   64.9888611    
  0.121000066      -6.19996227E-02   65.8071289    
  0.121000066      -6.09996244E-02   65.7308655    
  0.121000066      -5.99996261E-02   65.6547852    
  0.121000066      -5.89996278E-02   65.5789185    
  0.121000066      -5.79996295E-02   65.5032501    
  0.121000066      -5.69996312E-02   65.4277954    
  0.121000066      -5.59996329E-02   65.3525391    
  0.121000066      -5.49996346E-02   65.2774811    
  0.121000066      -5.39996363E-02   65.2026443    
  0.121000066      -5.29996380E-02   65.1279907    
  0.121000066      -5.19996397E-02   65.0535431    
  0.121000066      -5.09996414E-02   64.9793091    
  0.122000068      -6.19996227E-02   65.7980270    
  0.122000068      -6.09996244E-02   65.7217331    
  0.122000068      -5.99996261E-02   65.6456528    
  0.122000068      -5.89996278E-02   65.5697708    
  0.122000068      -5.79996295E-02   65.4940796    
  0.122000068      -5.69996312E-02   65.4186172    
  0.122000068      -5.59996329E-02   65.3433380    
  0.122000068      -5.49996346E-02   65.2682648    
  0.122000068      -5.39996363E-02   65.1934128    
  0.122000068      -5.29996380E-02   65.1187592    
  0.122000068      -5.19996397E-02   65.0442963    
  0.122000068      -5.09996414E-02   64.9700546    
  0.123000070      -6.19996227E-02   65.7891922    
  0.123000070      -6.09996244E-02   65.7128830    
  0.123000070      -5.99996261E-02   65.6367874    
  0.123000070      -5.89996278E-02   65.5608902    
  0.123000070      -5.79996295E-02   65.4851913    
  0.123000070      -5.69996312E-02   65.4096985    
  0.123000070      -5.59996329E-02   65.3344040    
  0.123000070      -5.49996346E-02   65.2593307    
  0.123000070      -5.39996363E-02   65.1844559    
  0.123000070      -5.29996380E-02   65.1097794    
  0.123000070      -5.19996397E-02   65.0353088    
  0.123000070      -5.09996414E-02   64.9610367    
  0.124000072      -6.19996227E-02   65.7806320    
  0.124000072      -6.09996244E-02   65.7043228    
  0.124000072      -5.99996261E-02   65.6282120    
  0.124000072      -5.89996278E-02   65.5522919    
  0.124000072      -5.79996295E-02   65.4765778    
  0.124000072      -5.69996312E-02   65.4010696    
  0.124000072      -5.59996329E-02   65.3257751    
  0.124000072      -5.49996346E-02   65.2506714    
  0.124000072      -5.39996363E-02   65.1757812    
  0.124000072      -5.29996380E-02   65.1010895    
  0.124000072      -5.19996397E-02   65.0266037    
  0.124000072      -5.09996414E-02   64.9523315    
  0.125000075      -6.19996227E-02   65.7723389    
  0.125000075      -6.09996244E-02   65.6960144    
  0.125000075      -5.99996261E-02   65.6198807    
  0.125000075      -5.89996278E-02   65.5439453    
  0.125000075      -5.79996295E-02   65.4682236    
  0.125000075      -5.69996312E-02   65.3927078    
  0.125000075      -5.59996329E-02   65.3173828    
  0.125000075      -5.49996346E-02   65.2422791    
  0.125000075      -5.39996363E-02   65.1673813    
  0.125000075      -5.29996380E-02   65.0926819    
  0.125000075      -5.19996397E-02   65.0181732    
  0.125000075      -5.09996414E-02   64.9438858    
  0.126000077      -6.19996227E-02   65.7643509    
  0.126000077      -6.09996244E-02   65.6879883    
  0.126000077      -5.99996261E-02   65.6118393    
  0.126000077      -5.89996278E-02   65.5358963    
  0.126000077      -5.79996295E-02   65.4601517    
  0.126000077      -5.69996312E-02   65.3846283    
  0.126000077      -5.59996329E-02   65.3092804    
  0.126000077      -5.49996346E-02   65.2341614    
  0.126000077      -5.39996363E-02   65.1592407    
  0.126000077      -5.29996380E-02   65.0845261    
  0.126000077      -5.19996397E-02   65.0100021    
  0.126000077      -5.09996414E-02   64.9356918    
  0.127000079      -6.19996227E-02   65.7566147    
  0.127000079      -6.09996244E-02   65.6802368    
  0.127000079      -5.99996261E-02   65.6040802    
  0.127000079      -5.89996278E-02   65.5281219    
  0.127000079      -5.79996295E-02   65.4523468    
  0.127000079      -5.69996312E-02   65.3768082    
  0.127000079      -5.59996329E-02   65.3014603    
  0.127000079      -5.49996346E-02   65.2263184    
  0.127000079      -5.39996363E-02   65.1513901    
  0.127000079      -5.29996380E-02   65.0766525    
  0.127000079      -5.19996397E-02   65.0021133    
  0.127000079      -5.09996414E-02   64.9278107    
  0.128000081      -6.19996227E-02   65.7491226    
  0.128000081      -6.09996244E-02   65.6727600    
  0.128000081      -5.99996261E-02   65.5965729    
  0.128000081      -5.89996278E-02   65.5205994    
  0.128000081      -5.79996295E-02   65.4448318    
  0.128000081      -5.69996312E-02   65.3692703    
  0.128000081      -5.59996329E-02   65.2939224    
  0.128000081      -5.49996346E-02   65.2187576    
  0.128000081      -5.39996363E-02   65.1437912    
  0.128000081      -5.29996380E-02   65.0690613    
  0.128000081      -5.19996397E-02   64.9945068    
  0.128000081      -5.09996414E-02   64.9201736    
  0.129000083      -6.19996227E-02   65.7419434    
  0.129000083      -6.09996244E-02   65.6655579    
  0.129000083      -5.99996261E-02   65.5893555    
  0.129000083      -5.89996278E-02   65.5133743    
  0.129000083      -5.79996295E-02   65.4375839    
  0.129000083      -5.69996312E-02   65.3620071    
  0.129000083      -5.59996329E-02   65.2866364    
  0.129000083      -5.49996346E-02   65.2114716    
  0.129000083      -5.39996363E-02   65.1364975    
  0.129000083      -5.29996380E-02   65.0617371    
  0.129000083      -5.19996397E-02   64.9871750    
  0.129000083      -5.09996414E-02   64.9128189    
  0.130000085      -6.29996210E-02   65.8116455    
  0.130000085      -6.19996227E-02   65.7350235    
  0.130000085      -6.09996244E-02   65.6586151    
  0.130000085      -5.99996261E-02   65.5824051    
  0.130000085      -5.89996278E-02   65.5064087    
  0.130000085      -5.79996295E-02   65.4306183    
  0.130000085      -5.69996312E-02   65.3550186    
  0.130000085      -5.59996329E-02   65.2796249    
  0.130000085      -5.49996346E-02   65.2044373    
  0.130000085      -5.39996363E-02   65.1294708    
  0.130000085      -5.29996380E-02   65.0546799    
  0.130000085      -5.19996397E-02   64.9801102    
  0.130000085      -5.09996414E-02   64.9057388    
  0.131000087      -6.29996210E-02   65.8050156    
  0.131000087      -6.19996227E-02   65.7283783    
  0.131000087      -6.09996244E-02   65.6519547    
  0.131000087      -5.99996261E-02   65.5757446    
  0.131000087      -5.89996278E-02   65.4997253    
  0.131000087      -5.79996295E-02   65.4239120    
  0.131000087      -5.69996312E-02   65.3483124    
  0.131000087      -5.59996329E-02   65.2728882    
  0.131000087      -5.49996346E-02   65.1977005    
  0.131000087      -5.39996363E-02   65.1226959    
  0.131000087      -5.29996380E-02   65.0479050    
  0.131000087      -5.19996397E-02   64.9733200    
  0.131000087      -5.09996414E-02   64.8989410    
  0.132000089      -6.29996210E-02   65.7986450    
  0.132000089      -6.19996227E-02   65.7220001    
  0.132000089      -6.09996244E-02   65.6455688    
  0.132000089      -5.99996261E-02   65.5693283    
  0.132000089      -5.89996278E-02   65.4933014    
  0.132000089      -5.79996295E-02   65.4174652    
  0.132000089      -5.69996312E-02   65.3418503    
  0.132000089      -5.59996329E-02   65.2664337    
  0.132000089      -5.49996346E-02   65.1912231    
  0.132000089      -5.39996363E-02   65.1162033    
  0.132000089      -5.29996380E-02   65.0413895    
  0.132000089      -5.19996397E-02   64.9667969    
  0.132000089      -5.09996414E-02   64.8924026    
  0.133000091      -6.29996210E-02   65.7925720    
  0.133000091      -6.19996227E-02   65.7159119    
  0.133000091      -6.09996244E-02   65.6394653    
  0.133000091      -5.99996261E-02   65.5632095    
  0.133000091      -5.89996278E-02   65.4871597    
  0.133000091      -5.79996295E-02   65.4113083    
  0.133000091      -5.69996312E-02   65.3356934    
  0.133000091      -5.59996329E-02   65.2602386    
  0.133000091      -5.49996346E-02   65.1850281    
  0.133000091      -5.39996363E-02   65.1099930    
  0.133000091      -5.29996380E-02   65.0351791    
  0.133000091      -5.19996397E-02   64.9605484    
  0.133000091      -5.09996414E-02   64.8861465    
  0.134000093      -6.29996210E-02   65.7867584    
  0.134000093      -6.19996227E-02   65.7100906    
  0.134000093      -6.09996244E-02   65.6336212    
  0.134000093      -5.99996261E-02   65.5573502    
  0.134000093      -5.89996278E-02   65.4813004    
  0.134000093      -5.79996295E-02   65.4054337    
  0.134000093      -5.69996312E-02   65.3297882    
  0.134000093      -5.59996329E-02   65.2543335    
  0.134000093      -5.49996346E-02   65.1790924    
  0.134000093      -5.39996363E-02   65.1040573    
  0.134000093      -5.29996380E-02   65.0292206    
  0.134000093      -5.19996397E-02   64.9545746    
  0.134000093      -5.09996414E-02   64.8801498    
  0.135000095      -6.29996210E-02   65.7812424    
  0.135000095      -6.19996227E-02   65.7045364    
  0.135000095      -6.09996244E-02   65.6280594    
  0.135000095      -5.99996261E-02   65.5517731    
  0.135000095      -5.89996278E-02   65.4757080    
  0.135000095      -5.79996295E-02   65.3998260    
  0.135000095      -5.69996312E-02   65.3241653    
  0.135000095      -5.59996329E-02   65.2486877    
  0.135000095      -5.49996346E-02   65.1734390    
  0.135000095      -5.39996363E-02   65.0983887    
  0.135000095      -5.29996380E-02   65.0235367    
  0.135000095      -5.19996397E-02   64.9488831    
  0.135000095      -5.09996414E-02   64.8744431    
  0.136000097      -6.29996210E-02   65.7759781    
  0.136000097      -6.19996227E-02   65.6992645    
  0.136000097      -6.09996244E-02   65.6227646    
  0.136000097      -5.99996261E-02   65.5464630    
  0.136000097      -5.89996278E-02   65.4703827    
  0.136000097      -5.79996295E-02   65.3944931    
  0.136000097      -5.69996312E-02   65.3188171    
  0.136000097      -5.59996329E-02   65.2433243    
  0.136000097      -5.49996346E-02   65.1680603    
  0.136000097      -5.39996363E-02   65.0929871    
  0.136000097      -5.29996380E-02   65.0181198    
  0.136000097      -5.19996397E-02   64.9434662    
  0.136000097      -5.09996414E-02   64.8690033    
  0.137000099      -6.29996210E-02   65.7709885    
  0.137000099      -6.19996227E-02   65.6942673    
  0.137000099      -6.09996244E-02   65.6177597    
  0.137000099      -5.99996261E-02   65.5414429    
  0.137000099      -5.89996278E-02   65.4653473    
  0.137000099      -5.79996295E-02   65.3894348    
  0.137000099      -5.69996312E-02   65.3137436    
  0.137000099      -5.59996329E-02   65.2382507    
  0.137000099      -5.49996346E-02   65.1629562    
  0.137000099      -5.39996363E-02   65.0878754    
  0.137000099      -5.29996380E-02   65.0130005    
  0.137000099      -5.19996397E-02   64.9383240    
  0.137000099      -5.09996414E-02   64.8638458    
  0.138000101      -6.29996210E-02   65.7662735    
  0.138000101      -6.19996227E-02   65.6895370    
  0.138000101      -6.09996244E-02   65.6130066    
  0.138000101      -5.99996261E-02   65.5366821    
  0.138000101      -5.89996278E-02   65.4605637    
  0.138000101      -5.79996295E-02   65.3846436    
  0.138000101      -5.69996312E-02   65.3089447    
  0.138000101      -5.59996329E-02   65.2334290    
  0.138000101      -5.49996346E-02   65.1581345    
  0.138000101      -5.39996363E-02   65.0830231    
  0.138000101      -5.29996380E-02   65.0081253    
  0.138000101      -5.19996397E-02   64.9334335    
  0.138000101      -5.09996414E-02   64.8589554    
  0.139000103      -6.29996210E-02   65.7618408    
  0.139000103      -6.19996227E-02   65.6850891    
  0.139000103      -6.09996244E-02   65.6085434    
  0.139000103      -5.99996261E-02   65.5322037    
  0.139000103      -5.89996278E-02   65.4560699    
  0.139000103      -5.79996295E-02   65.3801346    
  0.139000103      -5.69996312E-02   65.3044052    
  0.139000103      -5.59996329E-02   65.2288818    
  0.139000103      -5.49996346E-02   65.1535645    
  0.139000103      -5.39996363E-02   65.0784454    
  0.139000103      -5.29996380E-02   65.0035477    
  0.139000103      -5.19996397E-02   64.9288330    
  0.139000103      -5.09996414E-02   64.8543320    
  0.140000105      -6.29996210E-02   65.7576675    
  0.140000105      -6.19996227E-02   65.6809082    
  0.140000105      -6.09996244E-02   65.6043472    
  0.140000105      -5.99996261E-02   65.5279922    
  0.140000105      -5.89996278E-02   65.4518433    
  0.140000105      -5.79996295E-02   65.3759003    
  0.140000105      -5.69996312E-02   65.3001480    
  0.140000105      -5.59996329E-02   65.2246094    
  0.140000105      -5.49996346E-02   65.1492844    
  0.140000105      -5.39996363E-02   65.0741425    
  0.140000105      -5.29996380E-02   64.9992218    
  0.140000105      -5.19996397E-02   64.9245071    
  0.140000105      -5.09996414E-02   64.8499908    
  0.141000107      -6.29996210E-02   65.7537766    
  0.141000107      -6.19996227E-02   65.6769943    
  0.141000107      -6.09996244E-02   65.6004181    
  0.141000107      -5.99996261E-02   65.5240479    
  0.141000107      -5.89996278E-02   65.4478836    
  0.141000107      -5.79996295E-02   65.3719406    
  0.141000107      -5.69996312E-02   65.2961884    
  0.141000107      -5.59996329E-02   65.2206192    
  0.141000107      -5.49996346E-02   65.1452713    
  0.141000107      -5.39996363E-02   65.0701294    
  0.141000107      -5.29996380E-02   64.9951935    
  0.141000107      -5.19996397E-02   64.9204483    
  0.141000107      -5.09996414E-02   64.8459167    
  0.142000109      -6.29996210E-02   65.7501602    
  0.142000109      -6.19996227E-02   65.6733627    
  0.142000109      -6.09996244E-02   65.5967712    
  0.142000109      -5.99996261E-02   65.5203934    
  0.142000109      -5.89996278E-02   65.4442139    
  0.142000109      -5.79996295E-02   65.3682404    
  0.142000109      -5.69996312E-02   65.2924652    
  0.142000109      -5.59996329E-02   65.2168961    
  0.142000109      -5.49996346E-02   65.1415329    
  0.142000109      -5.39996363E-02   65.0663681    
  0.142000109      -5.29996380E-02   64.9914169    
  0.142000109      -5.19996397E-02   64.9166718    
  0.142000109      -5.09996414E-02   64.8421249    
  0.143000111      -6.29996210E-02   65.7468109    
  0.143000111      -6.19996227E-02   65.6700058    
  0.143000111      -6.09996244E-02   65.5934067    
  0.143000111      -5.99996261E-02   65.5170135    
  0.143000111      -5.89996278E-02   65.4408112    
  0.143000111      -5.79996295E-02   65.3648300    
  0.143000111      -5.69996312E-02   65.2890320    
  0.143000111      -5.59996329E-02   65.2134476    
  0.143000111      -5.49996346E-02   65.1380768    
  0.143000111      -5.39996363E-02   65.0629044    
  0.143000111      -5.29996380E-02   64.9879303    
  0.143000111      -5.19996397E-02   64.9131699    
  0.143000111      -5.09996414E-02   64.8385925    
  0.144000113      -6.29996210E-02   65.7437363    
  0.144000113      -6.19996227E-02   65.6669235    
  0.144000113      -6.09996244E-02   65.5903091    
  0.144000113      -5.99996261E-02   65.5138931    
  0.144000113      -5.89996278E-02   65.4376907    
  0.144000113      -5.79996295E-02   65.3616791    
  0.144000113      -5.69996312E-02   65.2858810    
  0.144000113      -5.59996329E-02   65.2102737    
  0.144000113      -5.49996346E-02   65.1348877    
  0.144000113      -5.39996363E-02   65.0597076    
  0.144000113      -5.29996380E-02   64.9847107    
  0.144000113      -5.19996397E-02   64.9099350    
  0.144000113      -5.09996414E-02   64.8353500    
  0.145000115      -6.29996210E-02   65.7409439    
  0.145000115      -6.19996227E-02   65.6641083    
  0.145000115      -6.09996244E-02   65.5874786    
  0.145000115      -5.99996261E-02   65.5110474    
  0.145000115      -5.89996278E-02   65.4348221    
  0.145000115      -5.79996295E-02   65.3588104    
  0.145000115      -5.69996312E-02   65.2829895    
  0.145000115      -5.59996329E-02   65.2073746    
  0.145000115      -5.49996346E-02   65.1319733    
  0.145000115      -5.39996363E-02   65.0567703    
  0.145000115      -5.29996380E-02   64.9817810    
  0.145000115      -5.19996397E-02   64.9069824    
  0.145000115      -5.09996414E-02   64.8323746    
  0.146000117      -6.39996231E-02   65.8154755    
  0.146000117      -6.29996210E-02   65.7384262    
  0.146000117      -6.19996227E-02   65.6615753    
  0.146000117      -6.09996244E-02   65.5849304    
  0.146000117      -5.99996261E-02   65.5084839    
  0.146000117      -5.89996278E-02   65.4322510    
  0.146000117      -5.79996295E-02   65.3562164    
  0.146000117      -5.69996312E-02   65.2803879    
  0.146000117      -5.59996329E-02   65.2047577    
  0.146000117      -5.49996346E-02   65.1293259    
  0.146000117      -5.39996363E-02   65.0541153    
  0.146000117      -5.29996380E-02   64.9790955    
  0.146000117      -5.19996397E-02   64.9042892    
  0.146000117      -5.09996414E-02   64.8296814    
  0.147000119      -6.39996231E-02   65.8132477    
  0.147000119      -6.29996210E-02   65.7361755    
  0.147000119      -6.19996227E-02   65.6593094    
  0.147000119      -6.09996244E-02   65.5826569    
  0.147000119      -5.99996261E-02   65.5061798    
  0.147000119      -5.89996278E-02   65.4299316    
  0.147000119      -5.79996295E-02   65.3538895    
  0.147000119      -5.69996312E-02   65.2780457    
  0.147000119      -5.59996329E-02   65.2024078    
  0.147000119      -5.49996346E-02   65.1269684    
  0.147000119      -5.39996363E-02   65.0517349    
  0.147000119      -5.29996380E-02   64.9767075    
  0.147000119      -5.19996397E-02   64.9018784    
  0.147000119      -5.09996414E-02   64.8272552    
  0.148000121      -6.39996231E-02   65.8112793    
  0.148000121      -6.29996210E-02   65.7341995    
  0.148000121      -6.19996227E-02   65.6573181    
  0.148000121      -6.09996244E-02   65.5806351    
  0.148000121      -5.99996261E-02   65.5041656    
  0.148000121      -5.89996278E-02   65.4278870    
  0.148000121      -5.79996295E-02   65.3518372    
  0.148000121      -5.69996312E-02   65.2759781    
  0.148000121      -5.59996329E-02   65.2003250    
  0.148000121      -5.49996346E-02   65.1248779    
  0.148000121      -5.39996363E-02   65.0496292    
  0.148000121      -5.29996380E-02   64.9745865    
  0.148000121      -5.19996397E-02   64.8997498    
  0.148000121      -5.09996414E-02   64.8251114    
  0.149000123      -6.39996231E-02   65.8095932    
  0.149000123      -6.29996210E-02   65.7324982    
  0.149000123      -6.19996227E-02   65.6556015    
  0.149000123      -6.09996244E-02   65.5789108    
  0.149000123      -5.99996261E-02   65.5024185    
  0.149000123      -5.89996278E-02   65.4261398    
  0.149000123      -5.79996295E-02   65.3500519    
  0.149000123      -5.69996312E-02   65.2741776    
  0.149000123      -5.59996329E-02   65.1985092    
  0.149000123      -5.49996346E-02   65.1230392    
  0.149000123      -5.39996363E-02   65.0477905    
  0.149000123      -5.29996380E-02   64.9727249    
  0.149000123      -5.19996397E-02   64.8978729    
  0.149000123      -5.09996414E-02   64.8232193    
  0.150000125      -6.39996231E-02   65.8081818    
  0.150000125      -6.29996210E-02   65.7310715    
  0.150000125      -6.19996227E-02   65.6541519    
  0.150000125      -6.09996244E-02   65.5774536    
  0.150000125      -5.99996261E-02   65.5009537    
  0.150000125      -5.89996278E-02   65.4246521    
  0.150000125      -5.79996295E-02   65.3485565    
  0.150000125      -5.69996312E-02   65.2726746    
  0.150000125      -5.59996329E-02   65.1969833    
  0.150000125      -5.49996346E-02   65.1214981    
  0.150000125      -5.39996363E-02   65.0462265    
  0.150000125      -5.29996380E-02   64.9711456    
  0.150000125      -5.19996397E-02   64.8962936    
  0.150000125      -5.09996414E-02   64.8216095    
  0.151000127      -6.39996231E-02   65.8070374    
  0.151000127      -6.29996210E-02   65.7299042    
  0.151000127      -6.19996227E-02   65.6529846    
  0.151000127      -6.09996244E-02   65.5762634    
  0.151000127      -5.99996261E-02   65.4997482    
  0.151000127      -5.89996278E-02   65.4234314    
  0.151000127      -5.79996295E-02   65.3473206    
  0.151000127      -5.69996312E-02   65.2714233    
  0.151000127      -5.59996329E-02   65.1957245    
  0.151000127      -5.49996346E-02   65.1202393    
  0.151000127      -5.39996363E-02   65.0449371    
  0.151000127      -5.29996380E-02   64.9698563    
  0.151000127      -5.19996397E-02   64.8949814    
  0.151000127      -5.09996414E-02   64.8202896    
  0.152000129      -6.39996231E-02   65.8061752    
  0.152000129      -6.29996210E-02   65.7290268    
  0.152000129      -6.19996227E-02   65.6520844    
  0.152000129      -6.09996244E-02   65.5753479    
  0.152000129      -5.99996261E-02   65.4988251    
  0.152000129      -5.89996278E-02   65.4225006    
  0.152000129      -5.79996295E-02   65.3463745    
  0.152000129      -5.69996312E-02   65.2704544    
  0.152000129      -5.59996329E-02   65.1947327    
  0.152000129      -5.49996346E-02   65.1192245    
  0.152000129      -5.39996363E-02   65.0439224    
  0.152000129      -5.29996380E-02   64.9688187    
  0.152000129      -5.19996397E-02   64.8939209    
  0.152000129      -5.09996414E-02   64.8192291    
  0.153000131      -6.39996231E-02   65.8055878    
  0.153000131      -6.29996210E-02   65.7284241    
  0.153000131      -6.19996227E-02   65.6514664    
  0.153000131      -6.09996244E-02   65.5747223    
  0.153000131      -5.99996261E-02   65.4981689    
  0.153000131      -5.89996278E-02   65.4218292    
  0.153000131      -5.79996295E-02   65.3456879    
  0.153000131      -5.69996312E-02   65.2697525    
  0.153000131      -5.59996329E-02   65.1940384    
  0.153000131      -5.49996346E-02   65.1184998    
  0.153000131      -5.39996363E-02   65.0431824    
  0.153000131      -5.29996380E-02   64.9680634    
  0.153000131      -5.19996397E-02   64.8931580    
  0.153000131      -5.09996414E-02   64.8184357    
  0.154000133      -6.39996231E-02   65.8052597    
  0.154000133      -6.29996210E-02   65.7280807    
  0.154000133      -6.19996227E-02   65.6511154    
  0.154000133      -6.09996244E-02   65.5743484    
  0.154000133      -5.99996261E-02   65.4977875    
  0.154000133      -5.89996278E-02   65.4214401    
  0.154000133      -5.79996295E-02   65.3452835    
  0.154000133      -5.69996312E-02   65.2693405    
  0.154000133      -5.59996329E-02   65.1935883    
  0.154000133      -5.49996346E-02   65.1180573    
  0.154000133      -5.39996363E-02   65.0427094    
  0.154000133      -5.29996380E-02   64.9675827    
  0.154000133      -5.19996397E-02   64.8926544    
  0.154000133      -5.09996414E-02   64.8179321    
  0.155000135      -6.39996231E-02   65.8052139    
  0.155000135      -6.29996210E-02   65.7280273    
  0.155000135      -6.19996227E-02   65.6510391    
  0.155000135      -6.09996244E-02   65.5742722    
  0.155000135      -5.99996261E-02   65.4976959    
  0.155000135      -5.89996278E-02   65.4213257    
  0.155000135      -5.79996295E-02   65.3451538    
  0.155000135      -5.69996312E-02   65.2691803    
  0.155000135      -5.59996329E-02   65.1934280    
  0.155000135      -5.49996346E-02   65.1178741    
  0.155000135      -5.39996363E-02   65.0425262    
  0.155000135      -5.29996380E-02   64.9673767    
  0.155000135      -5.19996397E-02   64.8924408    
  0.155000135      -5.09996414E-02   64.8177109    
  0.156000137      -6.39996231E-02   65.8054428    
  0.156000137      -6.29996210E-02   65.7282410    
  0.156000137      -6.19996227E-02   65.6512451    
  0.156000137      -6.09996244E-02   65.5744476    
  0.156000137      -5.99996261E-02   65.4978638    
  0.156000137      -5.89996278E-02   65.4214706    
  0.156000137      -5.79996295E-02   65.3452988    
  0.156000137      -5.69996312E-02   65.2693024    
  0.156000137      -5.59996329E-02   65.1935349    
  0.156000137      -5.49996346E-02   65.1179657    
  0.156000137      -5.39996363E-02   65.0425949    
  0.156000137      -5.29996380E-02   64.9674377    
  0.156000137      -5.19996397E-02   64.8924866    
  0.156000137      -5.09996414E-02   64.8177185    
  0.157000139      -6.39996231E-02   65.8059540    
  0.157000139      -6.29996210E-02   65.7287292    
  0.157000139      -6.19996227E-02   65.6517181    
  0.157000139      -6.09996244E-02   65.5749207    
  0.157000139      -5.99996261E-02   65.4983063    
  0.157000139      -5.89996278E-02   65.4219131    
  0.157000139      -5.79996295E-02   65.3457031    
  0.157000139      -5.69996312E-02   65.2697067    
  0.157000139      -5.59996329E-02   65.1939240    
  0.157000139      -5.49996346E-02   65.1183395    
  0.157000139      -5.39996363E-02   65.0429611    
  0.157000139      -5.29996380E-02   64.9677811    
  0.157000139      -5.19996397E-02   64.8928146    
  0.157000139      -5.09996414E-02   64.8180466    
  0.158000141      -6.39996231E-02   65.8067322    
  0.158000141      -6.29996210E-02   65.7294922    
  0.158000141      -6.19996227E-02   65.6524658    
  0.158000141      -6.09996244E-02   65.5756454    
  0.158000141      -5.99996261E-02   65.4990234    
  0.158000141      -5.89996278E-02   65.4225998    
  0.158000141      -5.79996295E-02   65.3463898    
  0.158000141      -5.69996312E-02   65.2703934    
  0.158000141      -5.59996329E-02   65.1945877    
  0.158000141      -5.49996346E-02   65.1189804    
  0.158000141      -5.39996363E-02   65.0435944    
  0.158000141      -5.29996380E-02   64.9684067    
  0.158000141      -5.19996397E-02   64.8934174    
  0.158000141      -5.09996414E-02   64.8186188    
  0.159000143      -6.39996231E-02   65.8077774    
  0.159000143      -6.29996210E-02   65.7305298    
  0.159000143      -6.19996227E-02   65.6534805    
  0.159000143      -6.09996244E-02   65.5766525    
  0.159000143      -5.99996261E-02   65.5000153    
  0.159000143      -5.89996278E-02   65.4235840    
  0.159000143      -5.79996295E-02   65.3473587    
  0.159000143      -5.69996312E-02   65.2713318    
  0.159000143      -5.59996329E-02   65.1955185    
  0.159000143      -5.49996346E-02   65.1198959    
  0.159000143      -5.39996363E-02   65.0444946    
  0.159000143      -5.29996380E-02   64.9692764    
  0.159000143      -5.19996397E-02   64.8942871    
  0.159000143      -5.09996414E-02   64.8194885    
  0.160000145      -6.39996231E-02   65.8091125    
  0.160000145      -6.29996210E-02   65.7318420    
  0.160000145      -6.19996227E-02   65.6547928    
  0.160000145      -6.09996244E-02   65.5779266    
  0.160000145      -5.99996261E-02   65.5012741    
  0.160000145      -5.89996278E-02   65.4248276    
  0.160000145      -5.79996295E-02   65.3485947    
  0.160000145      -5.69996312E-02   65.2725525    
  0.160000145      -5.59996329E-02   65.1967239    
  0.160000145      -5.49996346E-02   65.1211014    
  0.160000145      -5.39996363E-02   65.0456772    
  0.160000145      -5.29996380E-02   64.9704437    
  0.160000145      -5.19996397E-02   64.8954468    
  0.160000145      -5.09996414E-02   64.8206177    
  0.161000147      -6.39996231E-02   65.8106918    
  0.161000147      -6.29996210E-02   65.7334213    
  0.161000147      -6.19996227E-02   65.6563492    
  0.161000147      -6.09996244E-02   65.5794830    
  0.161000147      -5.99996261E-02   65.5028076    
  0.161000147      -5.89996278E-02   65.4263535    
  0.161000147      -5.79996295E-02   65.3500977    
  0.161000147      -5.69996312E-02   65.2740479    
  0.161000147      -5.59996329E-02   65.1982040    
  0.161000147      -5.49996346E-02   65.1225586    
  0.161000147      -5.39996363E-02   65.0471268    
  0.161000147      -5.29996380E-02   64.9718933    
  0.161000147      -5.19996397E-02   64.8968506    
  0.161000147      -5.09996414E-02   64.8220215    
  0.162000149      -6.39996231E-02   65.8125687    
  0.162000149      -6.29996210E-02   65.7352753    
  0.162000149      -6.19996227E-02   65.6581879    
  0.162000149      -6.09996244E-02   65.5813065    
  0.162000149      -5.99996261E-02   65.5046387    
  0.162000149      -5.89996278E-02   65.4281464    
  0.162000149      -5.79996295E-02   65.3518753    
  0.162000149      -5.69996312E-02   65.2758102    
  0.162000149      -5.59996329E-02   65.1999512    
  0.162000149      -5.49996346E-02   65.1242905    
  0.162000149      -5.39996363E-02   65.0488358    
  0.162000149      -5.29996380E-02   64.9735794    
  0.162000149      -5.19996397E-02   64.8985367    
  0.162000149      -5.09996414E-02   64.8236923    
  0.163000152      -6.39996231E-02   65.8147125    
  0.163000152      -6.29996210E-02   65.7373962    
  0.163000152      -6.19996227E-02   65.6603012    
  0.163000152      -6.09996244E-02   65.5834045    
  0.163000152      -5.99996261E-02   65.5067139    
  0.163000152      -5.89996278E-02   65.4302216    
  0.163000152      -5.79996295E-02   65.3539352    
  0.163000152      -5.69996312E-02   65.2778473    
  0.163000152      -5.59996329E-02   65.2019730    
  0.163000152      -5.49996346E-02   65.1263046    
  0.163000152      -5.39996363E-02   65.0508347    
  0.163000152      -5.29996380E-02   64.9755707    
  0.163000152      -5.19996397E-02   64.9005203    
  0.163000152      -5.09996414E-02   64.8256531    
  0.164000154      -6.39996231E-02   65.8171234    
  0.164000154      -6.29996210E-02   65.7398071    
  0.164000154      -6.19996227E-02   65.6626892    
  0.164000154      -6.09996244E-02   65.5857849    
  0.164000154      -5.99996261E-02   65.5090714    
  0.164000154      -5.89996278E-02   65.4325714    
  0.164000154      -5.79996295E-02   65.3562775    
  0.164000154      -5.69996312E-02   65.2801819    
  0.164000154      -5.59996329E-02   65.2042847    
  0.164000154      -5.49996346E-02   65.1285934    
  0.164000154      -5.39996363E-02   65.0531158    
  0.164000154      -5.29996380E-02   64.9778290    
  0.164000154      -5.19996397E-02   64.9027557    
  0.164000154      -5.09996414E-02   64.8278885    
  0.165000156      -6.29996210E-02   65.7424774    
  0.165000156      -6.19996227E-02   65.6653442    
  0.165000156      -6.09996244E-02   65.5884247    
  0.165000156      -5.99996261E-02   65.5117111    
  0.165000156      -5.89996278E-02   65.4351807    
  0.165000156      -5.79996295E-02   65.3588562    
  0.165000156      -5.69996312E-02   65.2827530    
  0.165000156      -5.59996329E-02   65.2068481    
  0.165000156      -5.49996346E-02   65.1311417    
  0.165000156      -5.39996363E-02   65.0556488    
  0.165000156      -5.29996380E-02   64.9803543    
  0.165000156      -5.19996397E-02   64.9052582    
  0.165000156      -5.09996414E-02   64.8303757    
  0.166000158      -6.29996210E-02   65.7454376    
  0.166000158      -6.19996227E-02   65.6682892    
  0.166000158      -6.09996244E-02   65.5913544    
  0.166000158      -5.99996261E-02   65.5146103    
  0.166000158      -5.89996278E-02   65.4380722    
  0.166000158      -5.79996295E-02   65.3617401    
  0.166000158      -5.69996312E-02   65.2856216    
  0.166000158      -5.59996329E-02   65.2097015    
  0.166000158      -5.49996346E-02   65.1339798    
  0.166000158      -5.39996363E-02   65.0584717    
  0.166000158      -5.29996380E-02   64.9831619    
  0.166000158      -5.19996397E-02   64.9080582    
  0.166000158      -5.09996414E-02   64.8331528    
  0.167000160      -6.29996210E-02   65.7486496    
  0.167000160      -6.19996227E-02   65.6715088    
  0.167000160      -6.09996244E-02   65.5945511    
  0.167000160      -5.99996261E-02   65.5177994    
  0.167000160      -5.89996278E-02   65.4412460    
  0.167000160      -5.79996295E-02   65.3649063    
  0.167000160      -5.69996312E-02   65.2887573    
  0.167000160      -5.59996329E-02   65.2128296    
  0.167000160      -5.49996346E-02   65.1371002    
  0.167000160      -5.39996363E-02   65.0615692    
  0.167000160      -5.29996380E-02   64.9862366    
  0.167000160      -5.19996397E-02   64.9111252    
  0.167000160      -5.09996414E-02   64.8362045    
  0.168000162      -6.29996210E-02   65.7521515    
  0.168000162      -6.19996227E-02   65.6749802    
  0.168000162      -6.09996244E-02   65.5979996    
  0.168000162      -5.99996261E-02   65.5212326    
  0.168000162      -5.89996278E-02   65.4446716    
  0.168000162      -5.79996295E-02   65.3683243    
  0.168000162      -5.69996312E-02   65.2921524    
  0.168000162      -5.59996329E-02   65.2162094    
  0.168000162      -5.49996346E-02   65.1404648    
  0.168000162      -5.39996363E-02   65.0649185    
  0.168000162      -5.29996380E-02   64.9895859    
  0.168000162      -5.19996397E-02   64.9144516    
  0.168000162      -5.09996414E-02   64.8395081    
  0.169000164      -6.29996210E-02   65.7559433    
  0.169000164      -6.19996227E-02   65.6787415    
  0.169000164      -6.09996244E-02   65.6017532    
  0.169000164      -5.99996261E-02   65.5249634    
  0.169000164      -5.89996278E-02   65.4483948    
  0.169000164      -5.79996295E-02   65.3720245    
  0.169000164      -5.69996312E-02   65.2958527    
  0.169000164      -5.59996329E-02   65.2198868    
  0.169000164      -5.49996346E-02   65.1441345    
  0.169000164      -5.39996363E-02   65.0685654    
  0.169000164      -5.29996380E-02   64.9932175    
  0.169000164      -5.19996397E-02   64.9180603    
  0.169000164      -5.09996414E-02   64.8431244    
  0.170000166      -6.29996210E-02   65.7599792    
  0.170000166      -6.19996227E-02   65.6827774    
  0.170000166      -6.09996244E-02   65.6057739    
  0.170000166      -5.99996261E-02   65.5289764    
  0.170000166      -5.89996278E-02   65.4523773    
  0.170000166      -5.79996295E-02   65.3759995    
  0.170000166      -5.69996312E-02   65.2998047    
  0.170000166      -5.59996329E-02   65.2238312    
  0.170000166      -5.49996346E-02   65.1480560    
  0.170000166      -5.39996363E-02   65.0724792    
  0.170000166      -5.29996380E-02   64.9971085    
  0.170000166      -5.19996397E-02   64.9219589    
  0.170000166      -5.09996414E-02   64.8469849    
  0.171000168      -6.29996210E-02   65.7642899    
  0.171000168      -6.19996227E-02   65.6870728    
  0.171000168      -6.09996244E-02   65.6100616    
  0.171000168      -5.99996261E-02   65.5332565    
  0.171000168      -5.89996278E-02   65.4566345    
  0.171000168      -5.79996295E-02   65.3802261    
  0.171000168      -5.69996312E-02   65.3040390    
  0.171000168      -5.59996329E-02   65.2280426    
  0.171000168      -5.49996346E-02   65.1522522    
  0.171000168      -5.39996363E-02   65.0766678    
  0.171000168      -5.29996380E-02   65.0012817    
  0.171000168      -5.19996397E-02   64.9261093    
  0.171000168      -5.09996414E-02   64.8511353    
  0.172000170      -6.29996210E-02   65.7688904    
  0.172000170      -6.19996227E-02   65.6916428    
  0.172000170      -6.09996244E-02   65.6146240    
  0.172000170      -5.99996261E-02   65.5377960    
  0.172000170      -5.89996278E-02   65.4611740    
  0.172000170      -5.79996295E-02   65.3847580    
  0.172000170      -5.69996312E-02   65.3085327    
  0.172000170      -5.59996329E-02   65.2325287    
  0.172000170      -5.49996346E-02   65.1567230    
  0.172000170      -5.39996363E-02   65.0811234    
  0.172000170      -5.29996380E-02   65.0057144    
  0.172000170      -5.19996397E-02   64.9305267    
  0.172000170      -5.09996414E-02   64.8555374    
  0.173000172      -6.29996210E-02   65.7737579    
  0.173000172      -6.19996227E-02   65.6965179    
  0.173000172      -6.09996244E-02   65.6194763    
  0.173000172      -5.99996261E-02   65.5426254    
  0.173000172      -5.89996278E-02   65.4659805    
  0.173000172      -5.79996295E-02   65.3895569    
  0.173000172      -5.69996312E-02   65.3133240    
  0.173000172      -5.59996329E-02   65.2372971    
  0.173000172      -5.49996346E-02   65.1614761    
  0.173000172      -5.39996363E-02   65.0858688    
  0.173000172      -5.29996380E-02   65.0104523    
  0.173000172      -5.19996397E-02   64.9352417    
  0.173000172      -5.09996414E-02   64.8602371    
  0.174000174      -6.29996210E-02   65.7788925    
  0.174000174      -6.19996227E-02   65.7016220    
  0.174000174      -6.09996244E-02   65.6245728    
  0.174000174      -5.99996261E-02   65.5476990    
  0.174000174      -5.89996278E-02   65.4710617    
  0.174000174      -5.79996295E-02   65.3946228    
  0.174000174      -5.69996312E-02   65.3183670    
  0.174000174      -5.59996329E-02   65.2423401    
  0.174000174      -5.49996346E-02   65.1664963    
  0.174000174      -5.39996363E-02   65.0908737    
  0.174000174      -5.29996380E-02   65.0154495    
  0.174000174      -5.19996397E-02   64.9402084    
  0.174000174      -5.09996414E-02   64.8651886    
  0.175000176      -6.29996210E-02   65.7843094    
  0.175000176      -6.19996227E-02   65.7070312    
  0.175000176      -6.09996244E-02   65.6299591    
  0.175000176      -5.99996261E-02   65.5530777    
  0.175000176      -5.89996278E-02   65.4764175    
  0.175000176      -5.79996295E-02   65.3999481    
  0.175000176      -5.69996312E-02   65.3237000    
  0.175000176      -5.59996329E-02   65.2476349    
  0.175000176      -5.49996346E-02   65.1717987    
  0.175000176      -5.39996363E-02   65.0961533    
  0.175000176      -5.29996380E-02   65.0207062    
  0.175000176      -5.19996397E-02   64.9454727    
  0.175000176      -5.09996414E-02   64.8704376    
  0.176000178      -6.29996210E-02   65.7900009    
  0.176000178      -6.19996227E-02   65.7127075    
  0.176000178      -6.09996244E-02   65.6356201    
  0.176000178      -5.99996261E-02   65.5587311    
  0.176000178      -5.89996278E-02   65.4820557    
  0.176000178      -5.79996295E-02   65.4055710    
  0.176000178      -5.69996312E-02   65.3292847    
  0.176000178      -5.59996329E-02   65.2532349    
  0.176000178      -5.49996346E-02   65.1773682    
  0.176000178      -5.39996363E-02   65.1017075    
  0.176000178      -5.29996380E-02   65.0262451    
  0.176000178      -5.19996397E-02   64.9509964    
  0.176000178      -5.09996414E-02   64.8759460    
  0.177000180      -6.29996210E-02   65.7959518    
  0.177000180      -6.19996227E-02   65.7186508    
  0.177000180      -6.09996244E-02   65.6415482    
  0.177000180      -5.99996261E-02   65.5646439    
  0.177000180      -5.89996278E-02   65.4879532    
  0.177000180      -5.79996295E-02   65.4114609    
  0.177000180      -5.69996312E-02   65.3351822    
  0.177000180      -5.59996329E-02   65.2590942    
  0.177000180      -5.49996346E-02   65.1832123    
  0.177000180      -5.39996363E-02   65.1075363    
  0.177000180      -5.29996380E-02   65.0320740    
  0.177000180      -5.19996397E-02   64.9568024    
  0.177000180      -5.09996414E-02   64.8817368    
  0.178000182      -6.29996210E-02   65.8022003    
  0.178000182      -6.19996227E-02   65.7248688    
  0.178000182      -6.09996244E-02   65.6477509    
  0.178000182      -5.99996261E-02   65.5708389    
  0.178000182      -5.89996278E-02   65.4941254    
  0.178000182      -5.79996295E-02   65.4176178    
  0.178000182      -5.69996312E-02   65.3413086    
  0.178000182      -5.59996329E-02   65.2652130    
  0.178000182      -5.49996346E-02   65.1893234    
  0.178000182      -5.39996363E-02   65.1136322    
  0.178000182      -5.29996380E-02   65.0381470    
  0.178000182      -5.19996397E-02   64.9628601    
  0.178000182      -5.09996414E-02   64.8877945    
  0.179000184      -6.29996210E-02   65.8087006    
  0.179000184      -6.19996227E-02   65.7313690    
  0.179000184      -6.09996244E-02   65.6542282    
  0.179000184      -5.99996261E-02   65.5773010    
  0.179000184      -5.89996278E-02   65.5005798    
  0.179000184      -5.79996295E-02   65.4240494    
  0.179000184      -5.69996312E-02   65.3477402    
  0.179000184      -5.59996329E-02   65.2716217    
  0.179000184      -5.49996346E-02   65.1957245    
  0.179000184      -5.39996363E-02   65.1200027    
  0.179000184      -5.29996380E-02   65.0445023    
  0.179000184      -5.19996397E-02   64.9692078    
  0.179000184      -5.09996414E-02   64.8941269    
  0.180000186      -6.29996210E-02   65.8154755    
  0.180000186      -6.19996227E-02   65.7381287    
  0.180000186      -6.09996244E-02   65.6609802    
  0.180000186      -5.99996261E-02   65.5840454    
  0.180000186      -5.89996278E-02   65.5073013    
  0.180000186      -5.79996295E-02   65.4307709    
  0.180000186      -5.69996312E-02   65.3544312    
  0.180000186      -5.59996329E-02   65.2783127    
  0.180000186      -5.49996346E-02   65.2023849    
  0.180000186      -5.39996363E-02   65.1266556    
  0.180000186      -5.29996380E-02   65.0511398    
  0.180000186      -5.19996397E-02   64.9758301    
  0.180000186      -5.09996414E-02   64.9007263    
  0.181000188      -6.19996227E-02   65.7451782    
  0.181000188      -6.09996244E-02   65.6680069    
  0.181000188      -5.99996261E-02   65.5910492    
  0.181000188      -5.89996278E-02   65.5142975    
  0.181000188      -5.79996295E-02   65.4377441    
  0.181000188      -5.69996312E-02   65.3614044    
  0.181000188      -5.59996329E-02   65.2852631    
  0.181000188      -5.49996346E-02   65.2093124    
  0.181000188      -5.39996363E-02   65.1335907    
  0.181000188      -5.29996380E-02   65.0580521    
  0.181000188      -5.19996397E-02   64.9827423    
  0.181000188      -5.09996414E-02   64.9076080    
  0.182000190      -6.19996227E-02   65.7524948    
  0.182000190      -6.09996244E-02   65.6753159    
  0.182000190      -5.99996261E-02   65.5983353    
  0.182000190      -5.89996278E-02   65.5215683    
  0.182000190      -5.79996295E-02   65.4449997    
  0.182000190      -5.69996312E-02   65.3686295    
  0.182000190      -5.59996329E-02   65.2924881    
  0.182000190      -5.49996346E-02   65.2165298    
  0.182000190      -5.39996363E-02   65.1407776    
  0.182000190      -5.29996380E-02   65.0652313    
  0.182000190      -5.19996397E-02   64.9898911    
  0.182000190      -5.09996414E-02   64.9147568    
  0.183000192      -6.19996227E-02   65.7600861    
  0.183000192      -6.09996244E-02   65.6828918    
  0.183000192      -5.99996261E-02   65.6059113    
  0.183000192      -5.89996278E-02   65.5291214    
  0.183000192      -5.79996295E-02   65.4525299    
  0.183000192      -5.69996312E-02   65.3761673    
  0.183000192      -5.59996329E-02   65.2999802    
  0.183000192      -5.49996346E-02   65.2240295    
  0.183000192      -5.39996363E-02   65.1482544    
  0.183000192      -5.29996380E-02   65.0726929    
  0.183000192      -5.19996397E-02   64.9973373    
  0.183000192      -5.09996414E-02   64.9221802    
  0.184000194      -6.19996227E-02   65.7679520    
  0.184000194      -6.09996244E-02   65.6907425    
  0.184000194      -5.99996261E-02   65.6137314    
  0.184000194      -5.89996278E-02   65.5369339    
  0.184000194      -5.79996295E-02   65.4603271    
  0.184000194      -5.69996312E-02   65.3839417    
  0.184000194      -5.59996329E-02   65.3077621    
  0.184000194      -5.49996346E-02   65.2317810    
  0.184000194      -5.39996363E-02   65.1560059    
  0.184000194      -5.29996380E-02   65.0804291    
  0.184000194      -5.19996397E-02   65.0050583    
  0.184000194      -5.09996414E-02   64.9298859    
  0.185000196      -6.19996227E-02   65.7760773    
  0.185000196      -6.09996244E-02   65.6988678    
  0.185000196      -5.99996261E-02   65.6218414    
  0.185000196      -5.89996278E-02   65.5450287    
  0.185000196      -5.79996295E-02   65.4684219    
  0.185000196      -5.69996312E-02   65.3920059    
  0.185000196      -5.59996329E-02   65.3158035    
  0.185000196      -5.49996346E-02   65.2398148    
  0.185000196      -5.39996363E-02   65.1640091    
  0.185000196      -5.29996380E-02   65.0884247    
  0.185000196      -5.19996397E-02   65.0130463    
  0.185000196      -5.09996414E-02   64.9378662    
  0.186000198      -6.19996227E-02   65.7844925    
  0.186000198      -6.09996244E-02   65.7072601    
  0.186000198      -5.99996261E-02   65.6302338    
  0.186000198      -5.89996278E-02   65.5533981    
  0.186000198      -5.79996295E-02   65.4767609    
  0.186000198      -5.69996312E-02   65.4003525    
  0.186000198      -5.59996329E-02   65.3241272    
  0.186000198      -5.49996346E-02   65.2481232    
  0.186000198      -5.39996363E-02   65.1723022    
  0.186000198      -5.29996380E-02   65.0967102    
  0.186000198      -5.19996397E-02   65.0213089    
  0.186000198      -5.09996414E-02   64.9461136    
  0.187000200      -6.19996227E-02   65.7931747    
  0.187000200      -6.09996244E-02   65.7159195    
  0.187000200      -5.99996261E-02   65.6388779    
  0.187000200      -5.89996278E-02   65.5620422    
  0.187000200      -5.79996295E-02   65.4853973    
  0.187000200      -5.69996312E-02   65.4089661    
  0.187000200      -5.59996329E-02   65.3327255    
  0.187000200      -5.49996346E-02   65.2566986    
  0.187000200      -5.39996363E-02   65.1808777    
  0.187000200      -5.29996380E-02   65.1052551    
  0.187000200      -5.19996397E-02   65.0298538    
  0.187000200      -5.09996414E-02   64.9546356    
  0.188000202      -6.19996227E-02   65.8021317    
  0.188000202      -6.09996244E-02   65.7248688    
  0.188000202      -5.99996261E-02   65.6478043    
  0.188000202      -5.89996278E-02   65.5709457    
  0.188000202      -5.79996295E-02   65.4942856    
  0.188000202      -5.69996312E-02   65.4178314    
  0.188000202      -5.59996329E-02   65.3415909    
  0.188000202      -5.49996346E-02   65.2655563    
  0.188000202      -5.39996363E-02   65.1897125    
  0.188000202      -5.29996380E-02   65.1140823    
  0.188000202      -5.19996397E-02   65.0386429    
  0.188000202      -5.09996414E-02   64.9634247    
  0.189000204      -6.19996227E-02   65.8113556    
  0.189000204      -6.09996244E-02   65.7340851    
  0.189000204      -5.99996261E-02   65.6569977    
  0.189000204      -5.89996278E-02   65.5801239    
  0.189000204      -5.79996295E-02   65.5034561    
  0.189000204      -5.69996312E-02   65.4269943    
  0.189000204      -5.59996329E-02   65.3507309    
  0.189000204      -5.49996346E-02   65.2746811    
  0.189000204      -5.39996363E-02   65.1988297    
  0.189000204      -5.29996380E-02   65.1231766    
  0.189000204      -5.19996397E-02   65.0477371    
  0.189000204      -5.09996414E-02   64.9724884    
  0.190000206      -6.09996244E-02   65.7435760    
  0.190000206      -5.99996261E-02   65.6664886    
  0.190000206      -5.89996278E-02   65.5895920    
  0.190000206      -5.79996295E-02   65.5129089    
  0.190000206      -5.69996312E-02   65.4364319    
  0.190000206      -5.59996329E-02   65.3601532    
  0.190000206      -5.49996346E-02   65.2840881    
  0.190000206      -5.39996363E-02   65.2082214    
  0.190000206      -5.29996380E-02   65.1325531    
  0.190000206      -5.19996397E-02   65.0571060    
  0.190000206      -5.09996414E-02   64.9818420    
  0.191000208      -6.09996244E-02   65.7533340    
  0.191000208      -5.99996261E-02   65.6762314    
  0.191000208      -5.89996278E-02   65.5993271    
  0.191000208      -5.79996295E-02   65.5226135    
  0.191000208      -5.69996312E-02   65.4461288    
  0.191000208      -5.59996329E-02   65.3698425    
  0.191000208      -5.49996346E-02   65.2937622    
  0.191000208      -5.39996363E-02   65.2178726    
  0.191000208      -5.29996380E-02   65.1421967    
  0.191000208      -5.19996397E-02   65.0667267    
  0.191000208      -5.09996414E-02   64.9914474    
  0.192000210      -6.09996244E-02   65.7633743    
  0.192000210      -5.99996261E-02   65.6862564    
  0.192000210      -5.89996278E-02   65.6093369    
  0.192000210      -5.79996295E-02   65.5326157    
  0.192000210      -5.69996312E-02   65.4561081    
  0.192000210      -5.59996329E-02   65.3798065    
  0.192000210      -5.49996346E-02   65.3037109    
  0.192000210      -5.39996363E-02   65.2278137    
  0.192000210      -5.29996380E-02   65.1521149    
  0.192000210      -5.19996397E-02   65.0766296    
  0.192000210      -5.09996414E-02   65.0013504    
  0.193000212      -6.09996244E-02   65.7736893    
  0.193000212      -5.99996261E-02   65.6965561    
  0.193000212      -5.89996278E-02   65.6196213    
  0.193000212      -5.79996295E-02   65.5428925    
  0.193000212      -5.69996312E-02   65.4663696    
  0.193000212      -5.59996329E-02   65.3900452    
  0.193000212      -5.49996346E-02   65.3139267    
  0.193000212      -5.39996363E-02   65.2380142    
  0.193000212      -5.29996380E-02   65.1623230    
  0.193000212      -5.19996397E-02   65.0868073    
  0.193000212      -5.09996414E-02   65.0115051    
  0.194000214      -6.09996244E-02   65.7842712    
  0.194000214      -5.99996261E-02   65.7071075    
  0.194000214      -5.89996278E-02   65.6301651    
  0.194000214      -5.79996295E-02   65.5534210    
  0.194000214      -5.69996312E-02   65.4768982    
  0.194000214      -5.59996329E-02   65.4005585    
  0.194000214      -5.49996346E-02   65.3244324    
  0.194000214      -5.39996363E-02   65.2484970    
  0.194000214      -5.29996380E-02   65.1727829    
  0.194000214      -5.19996397E-02   65.0972595    
  0.194000214      -5.09996414E-02   65.0219650    
  0.195000216      -6.09996244E-02   65.7951279    
  0.195000216      -5.99996261E-02   65.7179565    
  0.195000216      -5.89996278E-02   65.6410065    
  0.195000216      -5.79996295E-02   65.5642471    
  0.195000216      -5.69996312E-02   65.4876862    
  0.195000216      -5.59996329E-02   65.4113388    
  0.195000216      -5.49996346E-02   65.3352051    
  0.195000216      -5.39996363E-02   65.2592545    
  0.195000216      -5.29996380E-02   65.1835251    
  0.195000216      -5.19996397E-02   65.1079865    
  0.195000216      -5.09996414E-02   65.0326538    
  0.196000218      -6.09996244E-02   65.8062592    
  0.196000218      -5.99996261E-02   65.7290802    
  0.196000218      -5.89996278E-02   65.6520996    
  0.196000218      -5.79996295E-02   65.5753403    
  0.196000218      -5.69996312E-02   65.4987717    
  0.196000218      -5.59996329E-02   65.4224014    
  0.196000218      -5.49996346E-02   65.3462524    
  0.196000218      -5.39996363E-02   65.2702866    
  0.196000218      -5.29996380E-02   65.1945267    
  0.196000218      -5.19996397E-02   65.1189880    
  0.196000218      -5.09996414E-02   65.0436478    
  0.197000220      -6.09996244E-02   65.8176651    
  0.197000220      -5.99996261E-02   65.7404709    
  0.197000220      -5.89996278E-02   65.6634750    
  0.197000220      -5.79996295E-02   65.5866928    
  0.197000220      -5.69996312E-02   65.5101166    
  0.197000220      -5.59996329E-02   65.4337311    
  0.197000220      -5.49996346E-02   65.3575668    
  0.197000220      -5.39996363E-02   65.2815933    
  0.197000220      -5.29996380E-02   65.2058258    
  0.197000220      -5.19996397E-02   65.1302567    
  0.197000220      -5.09996414E-02   65.0549011    
  0.198000222      -5.99996261E-02   65.7521362    
  0.198000222      -5.89996278E-02   65.6751404    
  0.198000222      -5.79996295E-02   65.5983276    
  0.198000222      -5.69996312E-02   65.5217438    
  0.198000222      -5.59996329E-02   65.4453430    
  0.198000222      -5.49996346E-02   65.3691483    
  0.198000222      -5.39996363E-02   65.2931671    
  0.198000222      -5.29996380E-02   65.2173843    
  0.198000222      -5.19996397E-02   65.1417999    
  0.198000222      -5.09996414E-02   65.0664368    
  0.199000224      -5.99996261E-02   65.7640762    
  0.199000224      -5.89996278E-02   65.6870575    
  0.199000224      -5.79996295E-02   65.6102448    
  0.199000224      -5.69996312E-02   65.5336304    
  0.199000224      -5.59996329E-02   65.4572220    
  0.199000224      -5.49996346E-02   65.3810196    
  0.199000224      -5.39996363E-02   65.3050156    
  0.199000224      -5.29996380E-02   65.2292175    
  0.199000224      -5.19996397E-02   65.1536179    
  0.199000224      -5.09996414E-02   65.0782394    
