   9.81747732E-02   8.00000000       3.90248783E-02
  0.294524312       10.0000000       3.87260951E-02
  0.490873873       4.00000000       3.81400101E-02
  0.687223434       9.00000000       3.72891463E-02
  0.883572936       4.00000000       3.62061970E-02
   1.07992256       5.00000000       3.49327885E-02
   1.27627206       5.00000000       3.35178487E-02
   1.47262156       12.0000000       3.20157595E-02
   1.66897118       7.00000000       3.04842405E-02
   1.86532068       6.00000000       2.89821513E-02
   2.06167030       7.00000000       2.75672115E-02
   2.25801969       6.00000000       2.62938030E-02
   2.45436931       6.00000000       2.52108537E-02
   2.65071893       2.00000000       2.43599880E-02
   2.84706831       5.00000000       2.37739030E-02
   3.04341793       4.00000000       2.34751198E-02
   3.23976755       1.00000000       2.34751198E-02
   3.43611717       4.00000000       2.37739049E-02
   3.63246655       4.00000000       2.43599899E-02
   3.82881618       4.00000000       2.52108574E-02
   4.02516556       5.00000000       2.62938030E-02
   4.22151518       6.00000000       2.75672153E-02
   4.41786480       3.00000000       2.89821513E-02
   4.61421442       8.00000000       3.04842442E-02
   4.81056404       6.00000000       3.20157595E-02
   5.00691366       3.00000000       3.35178487E-02
   5.20326281       4.00000000       3.49327885E-02
   5.39961243       5.00000000       3.62061970E-02
   5.59596205       1.00000000       3.72891463E-02
   5.79231167       6.00000000       3.81400101E-02
   5.98866129       8.00000000       3.87260951E-02
   6.18501091       7.00000000       3.90248783E-02
