   9.81747732E-02   8.00000000       6.82935429    
  0.294524312       10.0000000       6.77706718    
  0.490873873       4.00000000       6.67450190    
  0.687223434       9.00000000       6.52560043    
  0.883572936       4.00000000       6.33608437    
   1.07992256       5.00000000       6.11323786    
   1.27627206       5.00000000       5.86562347    
   1.47262156       12.0000000       5.60275793    
   1.66897118       7.00000000       5.33474255    
   1.86532068       6.00000000       5.07187653    
   2.06167030       7.00000000       4.82426214    
   2.25801969       6.00000000       4.60141563    
   2.45436931       6.00000000       4.41189957    
   2.65071893       2.00000000       4.26299810    
   2.84706831       5.00000000       4.16043329    
   3.04341793       4.00000000       4.10814619    
   3.23976755       1.00000000       4.10814619    
   3.43611717       4.00000000       4.16043329    
   3.63246655       4.00000000       4.26299858    
   3.82881618       4.00000000       4.41190004    
   4.02516556       5.00000000       4.60141563    
   4.22151518       6.00000000       4.82426262    
   4.41786480       3.00000000       5.07187653    
   4.61421442       8.00000000       5.33474302    
   4.81056404       6.00000000       5.60275841    
   5.00691366       3.00000000       5.86562395    
   5.20326281       4.00000000       6.11323786    
   5.39961243       5.00000000       6.33608437    
   5.59596205       1.00000000       6.52560043    
   5.79231167       6.00000000       6.67450190    
   5.98866129       8.00000000       6.77706718    
   6.18501091       7.00000000       6.82935429    
